 Mesh dode   0.0000000000000000     
 Nodes node   0.0000000000000000     
 Elements done  0.28125000000000000     
 Matrix done   9.1093750000000000     
 BC applied   9.2968750000000000     
        Everything ready   63.031250000000000     
        1000  0.99229088995065284        146.96875000000000     
        2000  0.99150816762281435        309.35937500000000     
        3000  0.99021383629489157        592.98437500000000     
        4000  0.98786254703060672        995.89062500000000     
        5000  0.98485395404832177        1496.6250000000000     
        6000  0.98048291951229138        2056.7812500000000     
        7000  0.97147639067758784        2641.9531250000000     
        8000  0.88127918421118900        3274.3750000000000     
        9000  0.87873324018858157        3977.1562500000000     
       10000  0.87619413714030281        4820.7343750000000     
       11000  0.87333942784285779        5738.5781250000000     
       12000  0.81087859730652923        6734.0937500000000     
       13000  0.51936536879890538        7810.8281250000000     
       14000  0.43421547440111802        9044.8437500000000     
       15000  0.36632083150246431        10613.125000000000     
       16000  0.29870966476343497        12207.875000000000     
       17000  0.23621220573772680        13558.250000000000     
       18000  0.17486503483153321        14999.296875000000     
       19000  0.11876933547248038        16526.468750000000     
       20000   8.2349036920613336E-002   18298.718750000000     
       21000   5.5123597345213139E-002   20008.890625000000     
       22000   3.4077476672970362E-002   21758.562500000000     
       23000   1.8739591987310997E-002   23599.328125000000     
       24000   5.5679055153139622E-003   25512.890625000000     
   4.4934927461197634E-013       24248       24240
 Everything done   63.031250000000000     